File Read
3.218233e-02

File Write
3.271208e-02

Compute Acceleration
0.000000e+00

Total Run
3.707994e-03

Total Step
1.384671e-02
4.617697e-03
5.231702e-03
5.769021e-03
4.710946e-03

First Drift
1.524900e-05
1.893997e-06
3.383000e-06
3.189001e-06
1.903998e-06

Compute Force
1.382373e-02
4.611451e-03
5.219608e-03
5.762122e-03
4.704845e-03

Kick
4.612000e-06
2.561999e-06
3.005000e-06
1.804998e-06
2.059998e-06

Second Drift
2.360001e-06
1.518998e-06
5.264003e-06
1.592998e-06
1.542998e-06

File Read
3.334781e-02

File Write
2.467966e-02

Compute Acceleration
0.000000e+00

Total Run
4.857157e-03

Total Step
7.190345e-03
1.175329e-02
4.623464e-03
6.355632e-03
4.870350e-03
4.638735e-03
4.884212e-03
4.669237e-03
4.736428e-03
8.565270e-03
6.085898e-03
7.369500e-03
5.802755e-03
4.748735e-03
5.353651e-03
4.634531e-03
5.315534e-03
4.791276e-03

First Drift
3.203000e-06
1.116900e-05
4.250000e-06
4.112000e-06
1.716999e-06
3.267003e-06
2.000001e-06
4.794001e-06
2.752000e-06
3.166002e-06
3.817000e-06
2.992998e-06
2.025998e-06
1.623001e-06
2.990000e-06
1.594999e-06
1.971999e-06
2.361998e-06

Compute Force
7.182043e-03
1.173654e-02
4.615736e-03
6.336957e-03
4.862454e-03
4.632029e-03
4.877318e-03
4.659726e-03
4.724810e-03
8.556564e-03
6.076992e-03
7.359789e-03
5.794876e-03
4.742065e-03
5.344674e-03
4.629207e-03
5.308188e-03
4.785364e-03

Kick
2.559002e-06
3.505000e-06
1.668002e-06
3.380999e-06
2.964003e-06
1.646000e-06
2.334000e-06
2.298999e-06
5.999998e-06
3.355999e-06
2.600998e-06
3.136003e-06
1.898999e-06
2.843000e-06
2.621000e-06
1.953002e-06
2.426001e-06
1.695000e-06

Second Drift
2.064000e-06
1.667002e-06
1.551998e-06
1.078100e-05
2.715999e-06
1.533001e-06
1.603003e-06
1.752000e-06
2.099998e-06
1.675999e-06
2.175002e-06
3.228000e-06
2.882000e-06
1.534001e-06
2.019999e-06
1.533001e-06
2.699999e-06
1.581000e-06

